5.8760 0.4760 0.5480
5.7540 0.5400 -0.4560
5.4530 -0.9090 -0.5040
5.5800 -0.9570 0.4780
6.3660 0.4320 0.6020
6.2440 0.4460 -0.3920
6.2040 -1.0360 -0.4070
6.3430 -1.0520 0.5730
6.6360 0.1310 0.6370
6.5240 0.2090 -0.3640
6.0610 -1.1820 -0.4400
6.1990 -1.2650 0.5470
8.2740 0.2090 0.8390
8.1310 0.2340 -0.1930
8.1660 -1.2420 -0.2310
8.2760 -1.2660 0.8050
9.0560 0.0900 0.9320
8.9070 0.1010 -0.1210
8.8900 -1.3730 -0.1330
9.0400 -1.3790 0.8990
9.6690 0.3360 1.0190
9.4890 0.2830 -0.0330
10.0000 -1.1380 0.0000
10.1370 -1.0550 1.0430
10.8170 0.1120 1.1450
10.6720 0.1880 0.1000
10.3600 -1.2700 0.0540
10.4920 -1.3150 1.0840
10.9790 0.5190 1.1670
10.8230 0.4680 0.1230
11.1600 -0.9660 0.1480
11.3040 -0.9240 1.1790
6.7420 0.1150 0.6410
6.5800 0.1910 -0.3500
6.2780 -1.2660 -0.4140
6.4340 -1.3170 0.5670
5.4350 0.3600 0.4760
5.2860 0.2990 -0.5090
5.6680 -1.1350 -0.4820
5.8420 -1.0720 0.4960
3.9820 0.5650 0.3000
3.8120 0.6300 -0.6800
3.4960 -0.8180 -0.7270
3.6550 -0.8870 0.2390
3.4830 0.9040 0.2240
3.3220 0.8750 -0.7350
3.4860 -0.5760 -0.7310
3.6750 -0.5690 0.2490
