928.5731 1072.3909
870.3221 1537.5638
1577.2422 1584.7373
1606.0000 1111.0000
979.0077 1065.6537
944.7867 1490.7615
1590.0000 1513.0000
1600.0000 1095.0000
1114.3905 1067.5103
1058.2344 1469.5454
1665.6642 1528.0931
1706.0000 1103.0000
1121.4823 1052.8749
1105.6193 1373.5945
1592.0000 1389.0000
1598.6272 1074.4290
1177.9810 1044.3589
1159.5369 1339.2823
1605.2332 1354.8287
1608.9816 1068.1420
1110.3805 1038.2184
1116.5442 1312.0438
1504.4674 1309.6044
1487.3441 1058.4985
1185.6892 1035.7699
1159.6776 1278.3873
1528.7269 1299.1553
1546.3735 1057.7250
1088.6959 1032.1167
1090.1052 1271.2327
1444.7682 1273.5182
1434.2694 1049.6145
1120.1749 1072.1935
1074.0856 1469.5502
1686.1511 1508.0304
1703.7621 1110.5732
959.8839 1087.2179
962.9695 1588.8608
1672.8646 1560.8160
1636.4702 1111.0560
690.6165 1108.1556
571.0000 1825.0000
1669.0000 1915.0000
1708.7347 1164.6445
320.5236 1122.0354
229.5289 1958.6285
1491.4559 1910.6271
1474.5829 1159.2267
