1529.0000 605.0000
1524.9647 1207.2264
2460.5427 1209.3766
2450.0000 582.0000
1569.0801 588.1737
1580.3517 1145.0209
2427.8647 1122.1990
2397.0000 560.0000
1730.0255 578.3741
1706.8768 1111.0808
2538.2910 1131.7271
2548.0000 563.0000
1673.8282 557.8212
1691.4583 985.5515
2334.8684 961.3273
2312.3328 538.4949
1718.9399 549.6514
1733.8683 939.5131
2327.3323 917.6074
2306.9878 534.3258
1620.3564 546.8798
1660.7723 909.1889
2161.7158 872.2173
2119.0000 531.0000
1695.0520 537.3001
1687.7555 860.4760
2183.0000 854.0000
2190.0000 529.0000
1565.2748 541.7933
1596.6971 858.0723
2050.4343 829.1889
2017.8268 529.9307
1733.2328 583.6616
1720.4490 1104.7760
2534.0000 1106.0000
2534.4368 561.4631
1600.0000 619.0000
1678.1776 1265.5354
2564.0000 1177.0000
2478.7642 579.6811
1402.2341 662.7382
1375.0000 1566.0000
2820.0000 1611.0000
2786.0000 635.0000
1014.7597 712.8635
1074.6086 1741.4244
2585.0000 1624.0000
2471.0000 648.0000
